POS	A	T	G	C	COUNTS
0.00	0.275	0.406	0.144	0.176	128:189:67:82
0.01	0.241	0.347	0.214	0.198	224:322:199:184
0.02	0.251	0.317	0.199	0.233	233:294:185:216
0.03	0.286	0.303	0.203	0.209	265:281:188:194
0.04	0.263	0.316	0.197	0.223	244:293:183:207
0.05	0.300	0.310	0.187	0.202	279:288:174:188
0.06	0.302	0.293	0.202	0.203	280:272:187:188
0.07	0.260	0.330	0.207	0.204	241:306:192:189
0.08	0.250	0.354	0.196	0.200	232:329:182:186
0.09	0.288	0.350	0.184	0.178	267:324:171:165
0.10	0.284	0.321	0.211	0.184	264:298:196:171
0.11	0.286	0.337	0.192	0.186	265:312:178:172
0.12	0.264	0.342	0.188	0.206	245:318:175:191
0.13	0.309	0.321	0.200	0.170	286:298:185:158
0.14	0.301	0.329	0.182	0.187	280:306:169:174
0.15	0.247	0.298	0.221	0.233	229:276:205:216
0.16	0.226	0.281	0.242	0.251	210:261:225:233
0.17	0.247	0.288	0.246	0.220	229:267:228:204
0.18	0.317	0.288	0.201	0.194	294:267:186:180
0.19	0.274	0.340	0.181	0.205	255:316:168:190
0.20	0.312	0.269	0.226	0.192	290:250:210:178
0.21	0.255	0.335	0.202	0.208	236:311:187:193
0.22	0.269	0.310	0.203	0.217	250:288:189:202
0.23	0.307	0.283	0.202	0.208	285:263:187:193
0.24	0.254	0.312	0.247	0.188	235:289:229:174
0.25	0.275	0.307	0.200	0.218	255:285:186:202
0.26	0.281	0.278	0.188	0.253	261:258:174:235
0.27	0.296	0.304	0.188	0.212	275:282:174:197
0.28	0.279	0.267	0.232	0.222	259:248:215:206
0.29	0.251	0.306	0.206	0.237	233:284:191:220
0.30	0.268	0.292	0.225	0.214	249:271:209:199
0.31	0.266	0.274	0.209	0.251	247:254:194:233
0.32	0.276	0.305	0.196	0.222	256:283:182:206
0.33	0.249	0.304	0.194	0.253	232:283:180:235
0.34	0.265	0.277	0.207	0.251	246:257:192:233
0.35	0.275	0.251	0.255	0.219	255:233:236:203
0.36	0.242	0.273	0.253	0.232	225:253:235:215
0.37	0.281	0.290	0.197	0.233	261:269:183:216
0.38	0.245	0.265	0.217	0.273	227:245:201:253
0.39	0.338	0.242	0.217	0.202	314:225:202:188
0.40	0.300	0.246	0.252	0.203	278:228:234:188
0.41	0.269	0.249	0.274	0.208	250:231:254:193
0.42	0.339	0.258	0.203	0.200	315:239:188:186
0.43	0.309	0.233	0.254	0.205	287:216:236:190
0.44	0.309	0.228	0.289	0.175	286:211:268:162
0.45	0.313	0.265	0.216	0.206	290:246:200:191
0.46	0.304	0.335	0.186	0.175	282:311:173:163
0.47	0.321	0.283	0.225	0.170	298:262:209:158
0.48	0.323	0.294	0.222	0.161	300:273:206:150
0.49	0.257	0.265	0.224	0.254	238:246:208:235
0.50	0.265	0.269	0.220	0.247	246:250:204:229
0.51	0.265	0.304	0.232	0.198	246:282:215:184
0.52	0.242	0.319	0.219	0.221	225:296:203:205
0.53	0.313	0.235	0.272	0.180	290:218:252:167
0.54	0.273	0.312	0.203	0.211	254:290:189:196
0.55	0.318	0.301	0.160	0.221	295:279:148:205
0.56	0.286	0.325	0.203	0.187	265:301:188:173
0.57	0.294	0.287	0.236	0.183	273:267:219:170
0.58	0.293	0.225	0.269	0.212	272:209:250:197
0.59	0.315	0.242	0.255	0.188	292:225:237:174
0.60	0.315	0.274	0.218	0.194	292:254:202:180
0.61	0.305	0.277	0.228	0.191	283:257:212:177
0.62	0.308	0.276	0.199	0.217	285:256:184:201
0.63	0.323	0.314	0.187	0.175	300:292:174:163
0.64	0.292	0.276	0.212	0.220	271:256:197:204
0.65	0.307	0.276	0.209	0.207	285:256:194:192
0.66	0.283	0.280	0.214	0.222	263:260:199:206
0.67	0.300	0.240	0.244	0.216	279:223:227:201
0.68	0.310	0.301	0.187	0.203	287:279:173:188
0.69	0.335	0.344	0.157	0.164	311:319:146:152
0.70	0.249	0.319	0.207	0.225	231:296:192:209
0.71	0.278	0.295	0.199	0.227	258:274:185:211
0.72	0.294	0.295	0.224	0.186	273:274:208:173
0.73	0.253	0.311	0.211	0.224	235:289:196:208
0.74	0.283	0.296	0.219	0.202	263:275:203:187
0.75	0.324	0.295	0.186	0.194	301:274:173:180
0.76	0.291	0.274	0.241	0.194	270:254:223:180
0.77	0.267	0.315	0.162	0.256	248:292:150:238
0.78	0.309	0.319	0.187	0.185	287:296:174:172
0.79	0.314	0.310	0.194	0.182	291:287:180:169
0.80	0.308	0.250	0.245	0.197	286:232:227:183
0.81	0.295	0.290	0.230	0.185	274:269:214:172
0.82	0.306	0.245	0.230	0.219	284:227:213:203
0.83	0.279	0.273	0.230	0.219	259:253:213:203
0.84	0.287	0.262	0.266	0.185	267:243:247:172
0.85	0.294	0.224	0.287	0.195	272:207:266:181
0.86	0.258	0.253	0.274	0.214	240:235:255:199
0.87	0.299	0.259	0.243	0.200	277:240:225:185
0.88	0.248	0.254	0.247	0.252	230:236:229:234
0.89	0.315	0.248	0.228	0.209	292:230:211:194
0.90	0.299	0.253	0.239	0.209	278:235:222:194
0.91	0.307	0.266	0.215	0.211	285:247:199:196
0.92	0.266	0.343	0.188	0.202	247:319:175:188
0.93	0.239	0.286	0.240	0.235	222:265:223:218
0.94	0.256	0.289	0.227	0.229	237:268:210:212
0.95	0.263	0.314	0.216	0.207	244:292:201:192
0.96	0.269	0.328	0.209	0.194	249:304:194:180
0.97	0.263	0.276	0.236	0.225	244:256:219:209
0.98	0.226	0.316	0.210	0.248	210:293:195:230
0.99	0.304	0.271	0.225	0.200	282:252:209:186
1.00	0.228	0.323	0.219	0.230	105:149:101:106
