POS	A	T	G	C	COUNTS
0.00	0.286	0.310	0.222	0.182	146:158:113:93
0.01	0.288	0.337	0.186	0.190	293:343:189:193
0.02	0.321	0.330	0.172	0.177	327:336:175:180
0.03	0.293	0.335	0.180	0.193	298:341:183:196
0.04	0.314	0.366	0.177	0.144	319:372:180:146
0.05	0.367	0.340	0.146	0.147	373:346:148:150
0.06	0.357	0.340	0.153	0.150	363:346:156:153
0.07	0.346	0.305	0.184	0.165	352:310:187:168
0.08	0.335	0.327	0.172	0.167	341:333:175:170
0.09	0.333	0.307	0.194	0.166	339:313:197:169
0.10	0.322	0.310	0.194	0.174	327:315:197:177
0.11	0.358	0.317	0.180	0.145	364:323:183:148
0.12	0.339	0.359	0.183	0.120	345:365:186:122
0.13	0.312	0.380	0.154	0.154	317:386:157:157
0.14	0.309	0.371	0.178	0.141	315:378:181:144
0.15	0.316	0.343	0.196	0.146	321:348:199:148
0.16	0.333	0.346	0.147	0.174	339:352:150:177
0.17	0.304	0.353	0.172	0.171	310:360:175:174
0.18	0.252	0.362	0.148	0.238	256:368:150:242
0.19	0.242	0.381	0.136	0.242	246:388:138:246
0.20	0.266	0.397	0.142	0.195	271:404:144:198
0.21	0.296	0.391	0.145	0.168	301:398:147:171
0.22	0.260	0.382	0.183	0.175	264:389:186:178
0.23	0.262	0.346	0.199	0.192	267:353:203:196
0.24	0.272	0.340	0.210	0.178	277:346:214:181
0.25	0.288	0.319	0.226	0.166	293:324:230:169
0.26	0.261	0.344	0.209	0.185	266:351:213:189
0.27	0.241	0.338	0.213	0.207	245:344:217:211
0.28	0.258	0.352	0.193	0.197	263:358:196:201
0.29	0.313	0.371	0.166	0.149	319:378:169:152
0.30	0.310	0.350	0.157	0.182	315:356:160:185
0.31	0.275	0.389	0.170	0.166	280:396:173:169
0.32	0.301	0.380	0.165	0.154	306:386:168:157
0.33	0.294	0.392	0.182	0.133	299:399:185:135
0.34	0.288	0.372	0.188	0.152	293:379:191:155
0.35	0.271	0.335	0.206	0.187	276:341:210:190
0.36	0.320	0.348	0.187	0.146	325:354:190:148
0.37	0.327	0.389	0.153	0.130	333:396:156:132
0.38	0.264	0.376	0.183	0.178	269:383:186:181
0.39	0.281	0.366	0.198	0.155	286:372:201:158
0.40	0.300	0.358	0.167	0.174	305:364:170:177
0.41	0.303	0.345	0.186	0.165	309:352:190:168
0.42	0.293	0.361	0.190	0.155	299:368:194:158
0.43	0.317	0.360	0.170	0.153	322:366:173:155
0.44	0.276	0.364	0.176	0.184	281:371:179:188
0.45	0.241	0.367	0.175	0.217	245:373:178:220
0.46	0.304	0.365	0.190	0.142	309:371:193:144
0.47	0.342	0.356	0.164	0.138	348:363:167:141
0.48	0.315	0.390	0.149	0.146	320:397:152:148
0.49	0.295	0.371	0.186	0.148	300:378:189:151
0.50	0.314	0.310	0.185	0.191	319:315:188:194
0.51	0.271	0.339	0.178	0.212	276:345:181:216
0.52	0.254	0.296	0.238	0.212	258:301:242:216
0.53	0.255	0.322	0.216	0.207	260:328:220:211
0.54	0.274	0.305	0.213	0.207	279:310:217:211
0.55	0.260	0.295	0.236	0.209	264:300:240:212
0.56	0.249	0.318	0.230	0.203	254:324:234:207
0.57	0.280	0.317	0.209	0.194	285:322:213:197
0.58	0.282	0.300	0.232	0.187	287:305:236:190
0.59	0.274	0.291	0.253	0.182	279:297:258:185
0.60	0.274	0.332	0.231	0.163	278:337:235:166
0.61	0.292	0.342	0.194	0.172	297:348:197:175
0.62	0.275	0.342	0.211	0.172	280:349:215:175
0.63	0.287	0.360	0.177	0.176	292:366:180:179
0.64	0.305	0.353	0.175	0.167	310:359:178:170
0.65	0.298	0.385	0.166	0.150	303:392:169:153
0.66	0.296	0.377	0.182	0.145	301:384:185:148
0.67	0.314	0.382	0.157	0.147	319:389:160:149
0.68	0.265	0.329	0.244	0.162	270:335:248:165
0.69	0.260	0.344	0.193	0.203	265:350:196:207
0.70	0.309	0.312	0.209	0.170	314:317:212:173
0.71	0.395	0.331	0.122	0.152	402:337:124:155
0.72	0.308	0.321	0.203	0.167	314:327:207:170
0.73	0.302	0.370	0.200	0.129	307:376:203:131
0.74	0.297	0.335	0.188	0.180	303:341:192:183
0.75	0.316	0.358	0.183	0.143	321:364:186:145
0.76	0.303	0.347	0.194	0.156	308:353:198:159
0.77	0.305	0.317	0.200	0.178	310:323:204:181
0.78	0.330	0.292	0.214	0.164	336:297:218:167
0.79	0.278	0.339	0.194	0.189	283:345:197:192
0.80	0.289	0.353	0.168	0.190	294:359:171:193
0.81	0.301	0.332	0.198	0.169	306:338:202:172
0.82	0.321	0.320	0.191	0.169	326:325:194:172
0.83	0.327	0.361	0.152	0.159	333:368:155:162
0.84	0.317	0.336	0.183	0.164	323:342:186:167
0.85	0.320	0.342	0.196	0.143	325:347:199:145
0.86	0.339	0.356	0.159	0.146	345:362:162:149
0.87	0.320	0.348	0.176	0.156	325:354:179:159
0.88	0.323	0.358	0.155	0.164	329:364:158:167
0.89	0.306	0.352	0.159	0.183	312:358:162:186
0.90	0.281	0.347	0.200	0.171	286:353:203:174
0.91	0.308	0.307	0.206	0.178	314:313:210:181
0.92	0.301	0.359	0.186	0.153	307:366:190:156
0.93	0.315	0.346	0.170	0.169	320:352:173:172
0.94	0.335	0.365	0.168	0.132	341:372:171:134
0.95	0.336	0.334	0.147	0.182	342:340:150:185
0.96	0.269	0.359	0.204	0.168	274:365:207:171
0.97	0.324	0.319	0.213	0.143	330:325:217:146
0.98	0.344	0.366	0.153	0.137	350:373:156:139
0.99	0.338	0.351	0.161	0.150	344:357:164:153
1.00	0.303	0.378	0.178	0.141	153:191:90:71
